BOX_ROOM <- list(x=c(10, 390), y = c(80, 340))
