BOX_ROOM_REAL <- list(x=c(0, 420), y = c(0, 420))
BOX_ROOM <- list(x=c(10, 420), y = c(80, 340))
